0.290407397882 1.22458067242 0.119087477061 2.86830477994
0.287605118257 1.20799357468 0.150623524379 3.44737745626
0.318724175624 1.39984784448 0.118308807096 3.13095883736
0.297447629835 1.2668366341 0.111483643979 2.16438655925
0.297149985373 1.26503301324 0.154171998384 3.14421722507
0.292827208148 1.23900964796 0.0849397228768 1.66395943363
0.292601353761 1.23765873438 0.0957045797968 2.46944395829
0.28656429205 1.20186596082 0.067932642552 1.88730770133
0.305863559678 1.31847439035 0.130200975178 3.49278703178
0.31099161899 1.35055720742 0.116320856513 2.79289734026
0.315438253435 1.37876590927 0.134615452368 2.11555678596
0.306002951044 1.31934019958 0.100046353198 2.87867491541
0.286249633435 1.20001700198 0.0777319654966 1.63847097885
0.291743810761 1.23253731775 0.113519392488 2.84634144875
0.318849936272 1.4006587454 0.12933162285 2.46888576914
0.304847013173 1.31217075883 0.138610320134 3.00167931837
0.305402033395 1.31561016694 0.113145412884 2.48016626222
0.294157940039 1.24698677103 0.128203968549 2.74318420748
0.2904101439 1.22459699075 0.0997060134591 2.86779765132
0.29289421955 1.23941063246 0.143856731695 3.26648000128
0.298679150351 1.27431548718 0.100849385371 2.1804045059
0.291476138254 1.23094126327 0.159398633459 3.39919515935
0.310563471984 1.34786031936 0.129339962573 2.30018974728
0.294389387772 1.24837726497 0.117345259836 2.1315646769
0.28576929209 1.19719762005 0.134998733924 3.64157901469
0.287493443201 1.20733525729 0.0871200045521 2.22679883046
0.301309054351 1.29037479544 0.126340612657 3.37425279389
0.361516673708 1.69421130915 0.143111521343 3.3889722637
0.291467983732 1.23089265911 0.149719483536 3.73601041839
0.288597096322 1.21385029452 0.12678644071 2.70844942137
0.291794729373 1.23284106743 0.0734801483241 2.62244091895
0.288062880967 1.21069421526 0.0867397851383 2.21615733058
0.289180761525 1.21730394036 0.149284954132 3.27340932899
0.304396775324 1.30938470935 0.110062799627 3.38731518192
0.297780347433 1.26885459568 0.0939216143197 3.42760048423
0.28631807116 1.2004190087 0.10895499658 1.89333322319
0.302716969516 1.29902190735 0.0931437961553 2.08417040721
0.302959839964 1.30051709803 0.126802775748 2.82301167717
0.289992594839 1.22211713718 0.090439973223 2.10970166337
0.289464478671 1.21898479214 0.133481502264 3.4239658618
0.293072940552 1.24048043937 0.132711949617 3.10501988714
0.2912409333 1.22953979858 0.139093316312 2.5016683028
0.288304035789 1.21211834192 0.12152999184 2.80720577994
0.295873156928 1.25731318222 0.0995039797145 2.45609313616
0.295835302582 1.2570847384 0.105137776929 2.19164902176
0.314982332345 1.37585677285 0.140697820514 2.45090790073
0.296335157334 1.26010324777 0.109241509793 2.38409734371
0.295804025509 1.25689600571 0.0983297005505 2.03425476867
0.289791196181 1.22092205864 0.101465291785 3.09283723531
0.291313105524 1.22996973661 0.107956627046 2.68998286946
0.291962260917 1.23384076775 0.0910556013681 3.0992354115
0.28745007753 1.20707967503 0.0781281467471 1.79816257061
0.291308020018 1.22993943881 0.154393532835 2.92741727101
0.323729551814 1.43235523734 0.134382707372 2.6779752691
0.304828980734 1.31205910562 0.121606700367 2.80922296347
0.288301247668 1.21210187131 0.126899129879 2.60540847011
0.288363460108 1.21246941722 0.124226065387 2.35759800365
0.302207693374 1.29589001474 0.0960742468041 2.36243793059
0.291814635685 1.23295982833 0.0830597939819 2.11361858369
0.290160310028 1.22311285904 0.103888168866 2.1625804413
0.29294887227 1.23973772103 0.113833734323 2.72550984878
0.292268490838 1.23566933732 0.131945111536 3.08435129755
0.299618064952 1.28003505496 0.144001692506 2.21965664539
0.291575213378 1.23153187925 0.1423329875 2.1896664659
0.290329334599 1.22411683084 0.107667836264 2.81537482893
0.308519333227 1.33503037287 0.117516098123 2.48404215683
0.298517088891 1.27332980999 0.122054468577 3.41301037059
0.300638920116 1.28627120476 0.0895283850169 2.85740873001
0.289209498984 1.21747413127 0.110424868612 2.41312888599
0.292942039367 1.23969682434 0.128786410343 2.64988480377
0.323393201309 1.43015573656 0.151048441179 2.85270694392
0.302506042487 1.29772421575 0.146417547302 3.19974993976
0.324774849736 1.43920475313 0.103670871464 2.57084218346
0.28817043904 1.21132927439 0.140947128279 2.45596330083
0.288051236603 1.21062547452 0.0969425708485 1.78421917858
0.2861630254 1.1995083724 0.0987753035576 2.32545143854
0.309348349271 1.34022450081 0.0560269112612 1.96258052389
0.304621855909 1.31077704588 0.146001843102 2.94910682553
0.29385264192 1.2451539922 0.112529281707 2.57293748128
0.286748691937 1.20295026726 0.0906765372327 2.73118390186
0.293663858408 1.24402147163 0.111836825148 2.17210675743
0.323660939796 1.43190638436 0.135534619765 3.18141522951
0.301868042598 1.29380380619 0.126748607228 2.94524636276
0.29738381509 1.26644981048 0.108712055764 2.9944093671
0.288572634348 1.21370567261 0.12403392209 2.64132340153
0.292552220481 1.23736496539 0.0823605978634 2.20342835414
0.291847595575 1.23315648147 0.122927801229 2.24718377325
0.287569482444 1.2077834814 0.156266907441 3.75819797137
0.290654395587 1.2260489723 0.104439887923 1.86980138328
0.288156234075 1.21124539249 0.0979830303642 2.53462050655
0.292759135663 1.23860239193 0.0646272804854 2.00774803416
0.298838715618 1.2752864274 0.0965725208178 2.37600007487
0.288054363028 1.21064393068 0.0758958848942 2.54087055834
0.289150968717 1.21712751391 0.0887570362646 2.39122311723
0.296745504862 1.26258445053 0.115717904238 2.54393487006
0.307734266581 1.33012307462 0.128569847246 2.20847292795
0.290135095618 1.22296313152 0.130734328888 2.69599269073
0.297342996015 1.26620241575 0.118753513079 2.51372322736
0.290022345923 1.22229373447 0.101013088669 2.28003756051
0.305072210367 1.31356562232 0.112999332693 2.47655622878
0.300137162282 1.28320381776 0.108425910512 2.83760816041
0.293393683529 1.24240173343 0.0773178584025 2.16989741783
0.298334855074 1.27222198597 0.0821444789685 2.19712897343
0.286700272799 1.20266549923 0.113436073085 2.29362664295
0.316156457688 1.38335648757 0.112693973307 2.36916686835
0.302826330126 1.29969503845 0.135459760483 3.65596371358
0.288007003001 1.21036436865 0.144247601524 3.02163549238
0.286338251287 1.20053756253 0.100794427503 2.61549755361
0.303144828266 1.30165664635 0.12368597176 4.10146215922
0.301050100152 1.28878814739 0.108903134392 2.85162391867
0.291839431073 1.23310776677 0.0976754669472 2.29675524397
0.294904440543 1.25147488004 0.105332969353 2.49801406719
0.301960322298 1.29437040721 0.0831165885718 2.22548714919
0.31769010777 1.39319153975 0.155678879287 4.52661480654
0.289946578721 1.2218440226 0.105104191142 2.38322628266
0.30151243615 1.29162176857 0.0863005074538 2.20387394727
0.289074875349 1.21667697285 0.113076596171 2.37823629353
0.300391666283 1.28475912255 0.149026658791 3.26675376452
0.288660521203 1.21422531581 0.13463097789 3.02440478376
0.296424123435 1.26064094348 0.112623794008 2.27511823649
0.301504002172 1.29157004379 0.13118250561 2.70663044141
0.311526786638 1.35393293276 0.0883667824574 2.26175566115
0.293042016845 1.24029529431 0.0991745446641 2.44706634209
0.294925587034 1.25160215535 0.120865722639 2.78975239433
0.292931236895 1.23963217035 0.0913825372203 2.60431573266
0.314986043655 1.3758804383 0.1528447586 2.89275311433
0.291753765073 1.23259669573 0.111976207272 2.67542719679
0.291439622916 1.23072362624 0.0858047837764 3.10358021262
0.298003603819 1.27020973776 0.0725419265831 1.92019925068
0.309138858705 1.33891077887 0.0989482084179 2.4408683662
0.286908059538 1.20388783085 0.121914250492 2.94584254408
0.288545742571 1.2135466969 0.105946883675 2.40459857322
0.289474312503 1.21904307569 0.11884737665 2.99795175514
0.296301350281 1.25989895945 0.102770807118 2.67265657252
0.305457785833 1.31595596337 0.115527872646 3.20666891103
0.332955348261 1.49355043703 0.0895481122751 2.85810027644
0.294931495337 1.25163771728 0.108062402055 2.5705859636
0.286460659774 1.2012568293 0.116467394494 3.61040725277
0.325487203474 1.44388475157 0.131192770226 3.707131339
0.33080215829 1.47911726744 0.0929690442678 2.07985939695
0.287534482126 1.20757715518 0.091729198806 2.35650861981
0.328373762224 1.46295039025 0.103109629122 2.23488985412
0.298344355948 1.27227972885 0.132520047154 2.73844316655
0.285702450078 1.19680558884 0.12188796532 2.81662232754
0.314439221604 1.3723963477 0.158964807451 3.03047454935
0.329460992826 1.47017407477 0.104206167501 2.16997008276
0.31291055807 1.3626858504 0.156770495714 2.45306833515
0.289574184784 1.21963509416 0.0809950673086 2.16367598442
0.295240780506 1.25350012952 0.110294609625 3.04340368799
0.290695356468 1.22629256676 0.123193585818 2.51863930077
0.303707803403 1.30512836053 0.12165357035 2.8104556642
0.318409968294 1.39782315275 0.126690105085 3.07798359966
0.291773973457 1.2327172449 0.081074105914 2.56377380562
0.296078282368 1.25855150272 0.116707171513 2.80339842706
0.288736059367 1.21467204828 0.0979764737259 2.53443247729
0.295105906036 1.25268775945 0.0990444603499 2.230717373
0.302866396033 1.29994170303 0.127310107965 2.83595412463
0.306136953615 1.32017286504 0.136197586611 2.52801019248
0.335352483057 1.50972881463 0.142084337837 3.51393397634
0.293996733577 1.24601881194 0.112599250357 2.57474028061
0.288139829441 1.21114852546 0.153801756488 3.25814773928
0.288127170591 1.2110737798 0.0876266192406 2.13476281214
0.304977003762 1.31297580567 0.112613554667 2.10924445931
0.33030754285 1.47581489132 0.0990606119609 2.5655602472
0.309690246448 1.34237026136 0.0932365832655 2.66258733332
0.313364163267 1.36556276575 0.109131621905 2.8583397657
0.286468568131 1.20130330694 0.0868112185506 3.37476578901
0.291806924229 1.23291382105 0.107205331898 2.8018287224
0.341034458722 1.54854689743 0.159350593453 2.9350690174
0.288370761897 1.21251255979 0.12983998906 2.48003831005
0.292123477102 1.23480322961 0.122044590796 2.08080609712
0.311048381194 1.35091500288 0.102836509605 2.32591294275
0.315195458977 1.37721620683 0.128985506691 2.55449249986
0.298849379961 1.27535133471 0.164802767902 3.16372900973
0.287072018976 1.20485284579 0.0913256220868 2.13243765537
0.300880564984 1.28775001873 0.162633531637 3.11399813872
0.301646938315 1.29244682634 0.135654342179 2.60852669453
0.305333057614 1.31518243144 0.122972515973 2.17107286212
0.303343524912 1.30288131368 0.125904674698 2.92281129619
0.286077092615 1.19900383039 0.106712254105 1.91534379452
0.292335768418 1.23607127932 0.140654399047 3.47278140476
0.311003826552 1.35063415172 0.0994743859944 2.34372786246
0.307723433623 1.33005543776 0.106843645261 2.32550600223
0.316884610414 1.38802050822 0.178547667662 3.48494265439
0.286962580797 1.204208677 0.0914159131326 1.95592832516
0.311730420425 1.35521879078 0.139151305037 3.42967086638
0.301156439235 1.28943955932 0.101072411903 2.76031990238
0.28921792615 1.21752404181 0.100948938874 2.09452616939
0.285601954217 1.19621631446 0.137379218353 2.97077332058
0.310458042032 1.34719673242 0.112969606004 2.70218512501
0.302975009901 1.30061052375 0.0681542685515 2.59643463711
0.285834892944 1.19758244316 0.0942452532923 2.31278384772
0.290924643383 1.2276566563 0.0807336083271 1.95208695412
0.310023376052 1.3444630417 0.170593419526 3.29775676263
0.300101527855 1.28298614173 0.0804118454418 2.04034423926
0.308777953163 1.33664939647 0.107828814073 2.08485442268
0.286789235891 1.20318874862 0.142114094542 2.96954025657
0.305839542333 1.31832524522 0.139455010091 3.02293585359
0.286734489304 1.20286673314 0.119838212327 2.53980984793
0.307762827577 1.33030140872 0.14413351588 2.79903288749
0.311580287419 1.35427069304 0.087658486867 2.03858356792
0.28984673485 1.22125155159 0.116467654293 2.67485715701
0.30170829827 1.29282332368 0.0896486407369 3.25630504113
0.300338223838 1.28443243544 0.0975573643868 2.10153542046
0.310689715568 1.34865517648 0.156127614987 3.07504864645
0.30845610733 1.3346347476 0.109574363691 2.29551266197
0.289452842924 1.21891583101 0.125394833235 3.04200266063
0.285718383546 1.19689903264 0.109751601174 2.87657994943
0.294655742198 1.24997860103 0.0803524641628 1.85382943788
0.303820222901 1.30582229349 0.12143806898 2.57840338399
0.292176383467 1.23511917656 0.158979104246 2.73808682862
0.307524704764 1.32881502614 0.149564518897 2.92305002231
0.292444604514 1.23672166964 0.117884083315 2.97040515934
0.287754420051 1.20887402181 0.106238237794 2.9181699734
0.289047218719 1.21651324467 0.0941315556057 2.55106544932
0.32954423268 1.4707280954 0.081673439197 2.18340949491
0.339565177869 1.53844504652 0.138605912354 2.57990486192
0.304000534701 1.30693577406 0.0995553740169 2.71430842229
0.292124779967 1.23481100951 0.114612843388 2.51649649403
0.293192327071 1.24119537713 0.107337019147 3.29333886824
0.291161171353 1.22906474955 0.145328539962 2.93319413547
0.293492916657 1.2429965067 0.0945032837521 3.45104352855
0.293906128247 1.24547496912 0.0849619308625 2.27948483569
0.332844560271 1.49280553433 0.17492460325 3.80048355925
0.288541282031 1.21352032876 0.139261155493 3.14524769046
0.292382040738 1.23634777222 0.101586405225 2.638372203
0.287171634385 1.20543936831 0.143304768009 3.12034548078
0.286871418672 1.20367223462 0.123413037756 2.73692121524
0.290527957098 1.22529721971 0.0910331646317 1.79528416494
0.293867770425 1.24524477497 0.0958467622044 3.76325595709
0.288185418639 1.21141773422 0.0854019982083 2.41796096762
0.319068159794 1.40206655499 0.146504701755 2.96100764758
0.292790752219 1.23879153398 0.10180911226 2.93514464028
0.293847253288 1.24512165717 0.0823690225124 1.82143453031
0.295550312412 1.25536566486 0.0808492332985 2.40914847464
0.304065877962 1.30733943114 0.123777089205 2.53225395624
0.286476938473 1.20135250079 0.0953251387681 2.45862169188
0.29508191507 1.25254329067 0.104391066281 3.01825840301
0.290670072873 1.22614220183 0.119503603352 2.43296025938
0.288832720723 1.21524384167 0.114006289515 2.40030573582
0.292847735083 1.23913246947 0.129872061903 3.48264660677
0.291726319061 1.23243298291 0.123716219716 3.13810915858
0.309710745811 1.34249898373 0.127808217883 2.97347648501
0.292304430199 1.23588404331 0.140605571599 2.82227348692
0.291129213325 1.2288744428 0.123000929627 2.5141481078
0.294277561066 1.24770531752 0.0946346831343 1.87373460004
0.287528964954 1.2075446334 0.132353956069 2.36196729321
0.285913354149 1.19804279962 0.145993962798 2.84133863402
0.288343309759 1.2123503636 0.0956801786293 2.24487370737
0.295508026299 1.25511071162 0.145999166674 3.06459917241
0.288703118556 1.21447722476 0.116441101538 2.45832439452
0.286569575205 1.20189701897 0.143518435509 2.89053858854
0.302839836169 1.29977818484 0.0868414860675 2.33470799476
0.30237495158 1.29691809731 0.129598162544 3.15915570106
0.29126859738 1.22970458625 0.144548594834 2.80845565315
0.302854957308 1.29987127796 0.141728417032 2.39191729918
0.286559504863 1.20183781872 0.135128558745 2.50506736823
0.293875505612 1.2452911936 0.161500400894 3.08812283722
0.285638649601 1.1964314648 0.0901711321851 3.06614738294
0.287642697532 1.20821514855 0.0742613890874 2.07723768381
0.295990396693 1.25802085787 0.12601651261 2.68963049416
0.296020122169 1.25820032247 0.109516549674 2.60943141378
0.300884701663 1.28777534321 0.144467327329 2.61464410053
0.326345578478 1.44953722473 0.178491163362 3.48360016547
0.286204405946 1.19975137568 0.0634900445408 1.664350266
0.294423355316 1.24858141227 0.117947938816 2.59951541579
0.295579295049 1.25554042589 0.0680992692606 1.8922752161
0.28711988806 1.20513467225 0.135273565508 2.91811627239
0.291783621366 1.23277480004 0.147942299962 2.59901565641
0.287927419297 1.20989467686 0.129314595511 3.01372763769
0.298789480499 1.27498678901 0.122511347474 3.25770378855
0.290307199606 1.22398532624 0.164003219769 2.75224588812
0.292249189729 1.23555403922 0.104952262947 2.27951192682
0.305643656125 1.31710919815 0.104879661315 2.27775029552
0.295131705718 1.25284313093 0.113542590162 3.72202212308
0.291886171437 1.23338666521 0.0962244871856 1.9860648521
0.305296348361 1.31495482312 0.115376052698 2.24981125044
0.286209228189 1.19977969566 0.100577164886 3.45955863827
0.314812162217 1.37477194528 0.072120942572 1.90818957058
0.294482434784 1.24893653082 0.0953825989904 2.73033361664
0.296907796395 1.26356655994 0.0975352736755 2.10100812247
0.292346086914 1.23613293272 0.103019437097 2.67986505507
0.286427369707 1.20106119393 0.0891916404116 1.98707776189
0.288726385878 1.214614834 0.129528845483 2.7757509753
0.290724662352 1.22646686619 0.10704722795 2.14896099645
0.291070682688 1.2285259434 0.117528427219 2.96024992258
0.29762935655 1.26793858571 0.135495420845 2.92365222341
0.297354715983 1.26627344475 0.0815677656738 2.74761997262
0.291600123473 1.23168040166 0.109956138182 2.05332223142
0.29822116508 1.27153114056 0.116191036281 3.82025410195
0.293628234066 1.24380782754 0.14797826831 3.23978103903
0.286234371009 1.19992736021 0.117147538114 2.57953422486
0.30457292232 1.31047426862 0.14041941262 2.81792644373
0.330192157064 1.47504520197 0.120472569636 2.36280501833
0.286575831538 1.20193379877 0.104370177068 2.26539602663
0.285852437998 1.19768537671 0.0839095034788 1.78061092635
0.294468088025 1.24885028896 0.141998294868 3.08719007286
0.293571660394 1.2434685917 0.123395180898 2.42819435179
0.294400074237 1.24844148925 0.119546259299 2.53278216236
0.287848139625 1.2094268838 0.13571849537 2.81491583674
0.301052051635 1.28880010001 0.153990254619 3.26286773017
0.310391647793 1.34677894439 0.132528864625 2.36556555678
0.31215251602 1.35788656393 0.143639845037 3.00676906466
0.309561874537 1.34156434488 0.106906478309 2.7930831803
0.300186497572 1.2835052233 0.0921379822966 2.15333121803
0.306416601712 1.32191157934 0.11441950263 2.31608028262
0.295829731113 1.25705111771 0.150165112467 3.58552049562
0.305848523134 1.31838101382 0.120032527847 2.4451974317
0.317005805166 1.38879775966 0.175905715782 2.99462545213
0.286337909854 1.20053555663 0.0922624863495 2.78380803838
0.29098199202 1.22799797671 0.0871610826847 1.93751997488
0.288188748182 1.21143739685 0.126701097183 3.38527727991
0.295817928972 1.25697990017 0.0878074044822 2.9780351096
0.29627360893 1.25973133944 0.099880868993 2.2516456213
0.299176802871 1.27734511858 0.167835430025 2.5104522675
0.296217374718 1.25939159916 0.142595804541 2.86886586439
0.314853837975 1.3750375767 0.137830354182 2.86571990952
0.296010842371 1.25814429499 0.0863454557743 2.58840292451
0.29395063671 1.24574210602 0.173239038748 3.13654367199
0.303706125765 1.30511800666 0.0932319456219 2.39908326502
0.292982789909 1.2399407386 0.119583622354 2.88187790856
0.287547263751 1.20765250027 0.125780454004 2.22777942793
0.308041484744 1.33204210919 0.144754369588 3.03404778046
0.290620768974 1.22584901578 0.121607241331 2.8092371903
0.298512245802 1.27330036075 0.129284744742 2.88647226818
0.29379060913 1.24478178798 0.102369374372 3.12353805701
0.307423684962 1.32818476084 0.118693711438 3.30637674282
0.292906665247 1.23948511369 0.0805318563752 2.39886295308
0.291147163049 1.22898132944 0.10325759742 2.68677374113
0.297340034778 1.26618446951 0.158073493965 3.64990138766
0.290656641654 1.22606232894 0.101805236342 2.51933416313
0.286971526603 1.20426132587 0.109942819941 2.88221085428
0.286377050492 1.20076551821 0.147576487129 4.25023794431
0.293062898251 1.24042031277 0.114864867773 2.63326979542
0.298668394316 1.27425005357 0.124093503846 3.00596061451
0.289189489909 1.21735563072 0.100128435861 2.47322189114
0.307399780839 1.32803564926 0.0957288014198 2.0579754199
0.286623888923 1.20221634047 0.0704788001705 1.96340867072
0.319729951146 1.40634144456 0.149561032363 3.03364251455
0.301600177115 1.29215994963 0.104670686532 2.5985342612
0.310093863667 1.34490611668 0.0738420079017 2.18369928998
0.289695068666 1.22035188697 0.11095362607 2.91201676039
0.293250732376 1.24154522117 0.103760605334 2.57332503662
0.342246075549 1.55691116558 0.101601682091 2.39951767845
0.300305475681 1.28423227463 0.0854685290549 1.98289428279
0.303462160147 1.30361285541 0.129368118731 2.46968598206
0.302312476798 1.29653402718 0.120877421889 3.05620113712
0.30283548332 1.29975138732 0.145581719539 3.05434373341
0.297634114922 1.26796744712 0.106502088203 3.46371865648
0.290896668559 1.2274901793 0.109219997603 2.0378900283
0.285720004277 1.19690853785 0.0846105406083 1.59443809465
0.290054827551 1.2224865567 0.0938878531299 2.3031044496
0.287145809642 1.20528729986 0.108840323243 2.84977833779
0.298975510347 1.27611916284 0.0678821033157 2.78978306958
0.290457810573 1.22488027213 0.0875894478112 2.48583896337
0.29966721434 1.28033487975 0.130774775136 2.69695225703
0.293064761356 1.24043146767 0.0973996974348 2.39854743266
0.332801910978 1.49251884019 0.11543971421 2.33942649143
0.293449180941 1.2427343475 0.139739517919 2.91186251063
0.295184223346 1.25315943903 0.0811007293292 2.16674772587
0.306235931674 1.32078810167 0.0938644309786 2.543076179
0.287669315746 1.20837210826 0.0684986745698 3.05786276387
0.291636382014 1.23189660599 0.112483926772 2.36419139673
0.296257494257 1.25963397672 0.106645997334 2.32069054596
0.301532481302 1.29174470858 0.128292074995 3.12263210913
0.309073301327 1.33849983014 0.113769417993 2.60493279475
0.305487770841 1.31614196401 0.124269547249 2.543758404
0.304475045755 1.30986878387 0.0955808990635 2.46591538794
0.287539533732 1.20760693305 0.133680130929 2.16485119241
0.293769156897 1.24465308721 0.112807518536 2.27930157594
0.302715370735 1.29901206818 0.117726564432 2.59398540214
0.285992048088 1.19850462323 0.118669062111 3.30559764736
0.293506657984 1.24307888122 0.114067063475 3.74142842125
0.297547356077 1.26744128194 0.0858013805516 2.08612291172
0.306323580605 1.32133306426 0.0749995084136 1.99052643572
0.293932993289 1.24563620732 0.133939954489 3.00648058845
0.291017506959 1.22820937773 0.119442898432 2.63693284783
0.293299018565 1.24183449601 0.137673674228 2.75402803957
0.295446608032 1.25474046048 0.103921489898 2.353298521
0.3029587701 1.30051050931 0.11345646455 2.59685020279
0.287892694889 1.2096897712 0.109551987576 2.39170688099
0.298567527181 1.27363653289 0.108814612699 2.27765297043
0.317913981908 1.39463090799 0.138164046172 2.57036179231
0.287574576269 1.20781351109 0.137905649479 2.8675358513
0.299233730268 1.27769195801 0.14828078286 3.86967598537
0.288044459102 1.21058546561 0.0787550102334 1.81382356253
0.286261337193 1.20008574499 0.0883914790101 2.26244906238
0.29675395219 1.26263555847 0.0981080148226 2.30803264115
0.287000168692 1.20442990243 0.128554727769 3.27894485809
0.322920171708 1.42706614627 0.146106749155 3.32631180861
0.311071433036 1.35106032493 0.124472612356 3.16002302266
0.296736685251 1.26253109153 0.142487958641 2.76176662945
0.295618789062 1.25577859213 0.126831869468 2.94746215301
0.326806858779 1.45258074968 0.0968810803953 1.92298382095
0.287430642544 1.20696514204 0.111973028807 2.80267956958
0.311868645513 1.35609205519 0.0971677280752 2.39222019347
0.290128373476 1.22292321608 0.120606347042 2.78294457075
0.289121898672 1.21695538175 0.0833207633793 2.23145093643
0.288924654794 1.21578781537 0.113378889217 2.38540717204
0.289022707365 1.21636814727 0.105861532341 2.63159816492
0.294221291218 1.24736728221 0.129306978248 2.66218662132
0.290449311217 1.22482975797 0.145399420978 2.63438374425
0.30077151974 1.28708255903 0.136408161002 2.83147950152
0.29362510329 1.24378905287 0.112807923613 2.2793108013
0.29031039054 1.22400428316 0.109723802787 2.12600943841
0.288462973296 1.21305746647 0.107626908119 2.55897700772
0.30347888055 1.30371597865 0.116913385041 2.57369567911
0.2906961425 1.22629724157 0.115429120868 2.43417131757
0.3195969355 1.40548155253 0.143293385714 3.39399926412
0.287131834739 1.20520501353 0.133387774781 2.38325635535
0.306312811169 1.32126609721 0.101908228172 1.95739120558
0.292840900426 1.23909157398 0.127240686146 3.40179622982
0.296706914261 1.2623509857 0.110195293883 2.62760654572
0.299134446691 1.27708709321 0.0964091497876 2.16503114285
0.295354369583 1.25418453559 0.0917139493725 2.61471436461
0.352445947089 1.62856575843 0.152937463161 3.00087183803
0.286652412734 1.20238405728 0.115044476954 2.16069451876
0.291268677161 1.22970506151 0.139882869029 3.45063417771
0.287566394738 1.20776527862 0.116662249093 2.46360992079
0.291510201902 1.23114430807 0.0903845395224 1.93166840787
0.289577781858 1.21965641984 0.0622438014132 2.05348427355
0.329703838848 1.47179077321 0.119847511904 2.26318544597
0.292258314781 1.23560854832 0.0836246463899 1.6358462838
0.313560113402 1.36680672283 0.117504525657 2.58844157867
0.287931187114 1.20991691162 0.131513389215 2.82471888354
0.289175873536 1.21727499375 0.0840672866496 2.51384139869
0.290470708334 1.22495692962 0.119346832643 3.01225805642
0.294992520264 1.25200505966 0.154343229601 2.48217479721
0.28870612697 1.21449501683 0.133267061089 3.12000462873
0.292673654514 1.23809109643 0.129690104871 2.77972165716
0.296184010296 1.2591900529 0.147710156326 3.23289377659
0.299650986412 1.28023588027 0.125409982554 3.34583389691
0.296125027519 1.25883379922 0.119458952315 2.63733535093
0.302888997102 1.30008085836 0.120938684553 3.05796316776
0.286524817335 1.20163391482 0.133591227608 2.47217335616
0.315638186408 1.38004286203 0.140039696992 2.80906544716
0.288001162363 1.21032989445 0.138180776211 3.25348770741
0.292399685153 1.23645321315 0.0650799457634 1.70892972212
0.295550471591 1.25536662465 0.129667499845 2.67071492424
0.297247626966 1.2656245186 0.12277153247 3.11079318144
0.291004814093 1.2281338216 0.124005093447 3.14647381052
0.309460933929 1.34093085205 0.10688547273 2.66009843129
0.29277361268 1.23868899676 0.0951759137463 2.33802462163
0.288975217352 1.21608705388 0.154092461956 2.82057753444
0.295340713657 1.25410224313 0.11215303553 3.10116172317
0.295158585529 1.25300501929 0.122780591205 2.61089783931
0.309309185172 1.33997884095 0.122436783385 2.31890277588
0.286647618471 1.20235586661 0.0854431396982 2.41923461896
0.288875805732 1.21549875807 0.0892209208034 2.17740809487
0.31102914101 1.3507937175 0.0758123084407 1.66455159072
0.289843880123 1.22123461417 0.103500208338 2.44953143415
0.290258656264 1.22369695764 0.0909909933196 2.90876239752
0.297333320159 1.2661437769 0.135737753606 2.81537800203
0.294925683369 1.25160273519 0.0932124823875 1.7731996636
0.312977613099 1.36311089645 0.13974512068 3.03024608704
0.286039246818 1.19878166275 0.0977959560877 2.66113939319
0.312625545406 1.36088014748 0.154239088868 2.82375091918
0.289716545992 1.2204792644 0.0958278759639 1.97701124372
0.298121740008 1.27092716042 0.124130530305 2.54050948044
0.313090246027 1.36382503686 0.0801783150567 1.93748995566
0.288606655157 1.21390681012 0.126873498444 2.71057941405
0.289405571593 1.21863569307 0.0966451618625 2.07978290179
0.307195540186 1.32676203563 0.17432231464 2.62796744154
0.28766190051 1.20832838163 0.0819237820033 2.08213095595
0.295762510768 1.2566455226 0.104067352367 2.35698523844
0.302476693596 1.29754371404 0.110823342238 2.64444888132
0.292779169924 1.2387222424 0.094739814146 2.44194508711
0.287986548653 1.21024363994 0.112804426293 1.96873072079
0.293095717146 1.24061681676 0.108500369067 2.27027485148
0.314929154045 1.37551770548 0.116483863169 3.07629560341
0.309997845883 1.34430258506 0.158105638053 2.81109350124
0.345995667996 1.5829924393 0.134828151259 2.59016386412
0.297843786624 1.26923957705 0.0466039675463 1.7353133342
0.294775754023 1.25070051338 0.141229773482 3.06773381928
0.330968572785 1.48022945724 0.131907266788 2.83446429983
0.303113390124 1.30146294126 0.147288769065 3.50497858733
0.286235519249 1.19993410411 0.106716559371 2.65539241161
0.292305917391 1.23589292843 0.10531531655 2.74661836915
0.293059269085 1.24039858416 0.105978761377 3.66738259502
0.287272788556 1.20603511863 0.10646764005 2.78025178028
0.288028614968 1.21049193755 0.127858763695 2.35053921611
0.287434775199 1.20698949581 0.101975405324 2.78778133198
0.287927737038 1.20989655191 0.126562513697 2.70297267562
0.30751931547 1.32878139754 0.144426369544 3.28159789409
0.304400727372 1.30940914874 0.0887045630882 2.52056712327
0.303684663551 1.30498555275 0.102003018942 3.3007769396
0.285838503081 1.19760362275 0.113383433653 2.48605094229
0.288287799419 1.21202242862 0.0843116139204 2.67557866588
0.317802628111 1.39391485585 0.166544078996 2.99110801142
0.319434805098 1.4044339 0.197744968222 3.57031840236
0.295258700596 1.25360808844 0.120831104735 3.05486913079
0.306539352959 1.32267522908 0.171530834978 3.09921273414
0.291694895596 1.23224556055 0.106821348829 2.32496266959
0.311839770392 1.3559096019 0.121673023993 3.07910329719
0.296354030832 1.26021730456 0.120024977535 2.44502264453
0.30064943807 1.28633555108 0.0864600255548 2.59216246633
0.289372379052 1.2184390107 0.126256174205 2.59030022265
0.292278140856 1.23572698553 0.110725431902 3.41024770112
0.309174457101 1.33913396134 0.0988853518832 2.56052310557
0.310782444611 1.34923920425 0.129004672944 3.00543497825
0.286792030289 1.20320518639 0.140074859949 3.03856087676
0.292191660996 1.23521041991 0.10231877441 2.53349099779
0.299562794971 1.27969794314 0.137674506241 3.23966438352
0.293931172902 1.24562528137 0.109509457753 2.73343339229
0.288902096178 1.21565432307 0.0836462220357 2.5001010924
0.320050289027 1.40841367934 0.151628483338 2.5888606159
0.302248520329 1.29614091947 0.0971935389855 1.92985346868
0.323941964086 1.43374539488 0.135098671472 2.50442676078
0.311111889791 1.35131539351 0.10856305741 2.58394594191
0.295572255247 1.25549797561 0.139164780277 2.89795013679
0.290449167554 1.22482890414 0.103383974675 2.06694216879
0.307126766939 1.32633334512 0.123119284549 2.25117566638
0.290971954049 1.22793822998 0.0730573714298 2.43835201764
0.296066529612 1.25848053309 0.144316842117 3.27868953001
0.319225100191 1.40307957115 0.157783841164 3.23167779617
0.286017063913 1.19865145254 0.0652609966498 2.30862691598
0.303557323472 1.30419984219 0.119534290862 2.5324941661
0.29772866813 1.26854103071 0.145763029706 2.73585354441
0.293895040907 1.24540842886 0.0640056315021 1.51995639649
0.288627097494 1.21402767837 0.121788683111 2.22347231811
0.291123872022 1.22884263757 0.0916322018088 2.04693528188
0.286196197457 1.19970316987 0.0979012119822 2.02442811236
0.287149880738 1.20531127169 0.121092705028 2.79571329109
0.285728434703 1.19695798104 0.120899848353 3.56122081369
0.301598002563 1.29214660984 0.119454426222 2.87834199575
0.317518100188 1.39208628195 0.104106017078 2.00451038719
0.294196680596 1.24721945338 0.109842919978 3.02940205273
0.303101507035 1.30138972854 0.136468975287 2.21715189451
0.301927405871 1.29416828186 0.163350557419 3.49992463178
0.294984156323 1.25195470877 0.0791303250437 2.1095813367
0.312137134956 1.35778929343 0.183342970159 2.87608141285
0.299179425734 1.27736109756 0.0829722883205 2.22127385282
0.295829262416 1.25704828941 0.0882646892715 1.80587053623
0.29647543246 1.26095110817 0.106488090905 2.92585090932
0.330047298997 1.47407929095 0.112747946926 2.47034659504
0.286835584146 1.20346140435 0.111572425387 2.44135595461
0.310746375318 1.34901201329 0.112106884237 2.56206010115
0.312431420115 1.35965112023 0.0925702958759 2.79404292876
0.288869458317 1.21546120107 0.109703207074 2.87515525016
0.29166821378 1.23208643237 0.133762657898 2.88049004619
0.290856470342 1.2272509844 0.0800406303869 2.25295934691
0.292803238511 1.2388662363 0.112781907994 2.47118528257
0.319214769231 1.4030128727 0.0949131484035 2.33089281017
0.303302768291 1.30263005318 0.0791271012 1.60285395988
0.286184568101 1.19963487633 0.0853849008018 2.07505154745
0.29750594028 1.26719015394 0.135728493365 2.92947113781
0.286231228946 1.19990890621 0.125284327869 2.56750582232
0.304937159653 1.31272901446 0.0952064323774 2.33885320759
0.295763736514 1.25665291783 0.148307746738 3.24825062162
0.286924804579 1.20398636668 0.130924600491 3.51512348239
0.313890221583 1.36890396689 0.146702189044 2.75651134629
0.288228825689 1.21167408922 0.129205090306 2.6597776954
0.29531832762 1.25396734875 0.159592072568 3.40410362376
0.299813277191 1.28122615171 0.151679467195 3.084295037
0.298487695919 1.27315108721 0.156871860752 2.98315133487
0.28700012979 1.20442967346 0.0997846324473 2.58639007326
0.333216730092 1.49530886507 0.130768885691 3.69335161947
0.289464399527 1.21898432307 0.122956279361 2.51310750432
0.297902831795 1.26959795578 0.11685489922 3.42630770565
0.294638013279 1.24987197631 0.0950529948175 2.33468791791
0.296090160945 1.25862323453 0.0770655582514 2.28698802063
0.290250457284 1.22364825602 0.131681802627 2.82888472786
0.309337628559 1.34015725154 0.115569105045 2.3423912803
0.291375359099 1.23034065848 0.133835680066 2.66538972802
0.287036477237 1.20464362034 0.102275661847 2.31178274901
0.292677104365 1.23811172892 0.121176507374 2.29174247101
0.291889503695 1.2334065501 0.0628780792585 2.38194386906
0.286839654439 1.20348535061 0.130997385662 2.93047355122
0.306614350436 1.32314193014 0.122787249614 3.11124716712
0.314990528106 1.37590903409 0.13168202778 3.07726881073
0.292049666544 1.23436252561 0.087654190743 1.79217986455
0.293367974363 1.24224766773 0.112678628626 2.69434123004
0.300581286173 1.2859186485 0.111517848237 2.54690879195
0.28579418192 1.1973436187 0.143713044465 3.13072738574
0.288992959525 1.21619206541 0.140231046301 3.30963526378
0.285913799403 1.19804541236 0.119366214143 3.01281354269
0.294517035739 1.24914454001 0.10717324476 2.15179443889
0.290009330257 1.2222164739 0.101124996994 2.09859004858
0.289047072933 1.21651238164 0.117416364939 2.95705184467
0.297104404708 1.26475694529 0.107707625341 2.34658089221
0.290838772828 1.22714568596 0.120072220625 2.89525953094
0.298181023295 1.27128726959 0.114560400157 2.62538681757
0.300627848917 1.28620347591 0.120902556066 2.67358949356
0.306384721092 1.32171329052 0.131733973805 3.07866691139
0.289664557658 1.22017094594 0.142793972353 2.57931392404
0.334263022578 1.50236155087 0.142460799867 3.09891587844
0.296051822884 1.25839172908 0.0846298056505 1.96163662918
0.311371092196 1.35295030367 0.103368902984 2.56249064504
0.299785646557 1.28105752174 0.088733650769 2.27206003275
0.297047339416 1.26441136899 0.128399355134 2.64074762062
0.287270617016 1.20602232751 0.119078175065 2.24669356173
0.287951775975 1.21003841538 0.0781809375908 1.72096845246
0.3051097404 1.31379816991 0.0777585182937 2.45008612801
0.304067567139 1.30734986701 0.10595851732 2.21078542671
0.293689440046 1.24417490154 0.131203231207 3.35669987217
0.299466105857 1.27910832882 0.110332003868 2.41084782696
0.29550876927 1.25511519091 0.0955543838927 2.89362716417
0.327066568692 1.45429615022 0.121880152819 2.48805968602
0.311667818633 1.35482340694 0.117416329635 3.10419787963
0.290801228598 1.22692231894 0.0985579329771 2.1254457576
0.29477431541 1.25069185817 0.126689899218 2.94368426823
0.298155893268 1.27113461284 0.133020159607 3.97301282825
0.316262450964 1.38403478619 0.16925751306 2.95117857836
0.297121690451 1.26486163546 0.155898674968 2.85974550171
0.295654159337 1.25599191309 0.115067595172 2.24301427531
0.314980732435 1.37584657098 0.0774402244094 1.63180533376
0.296214420469 1.2593737525 0.0740443602784 2.19016189277
0.287509465466 1.20742969485 0.112711888273 2.27712389409
0.292967361112 1.23984838551 0.134350659244 3.29298524814
0.30896031756 1.33779177041 0.156317597808 2.4446685798
0.296838504306 1.26314718247 0.126032319507 3.54028359738
0.287414624166 1.20687074828 0.0899250842056 1.7712722001
0.285701919144 1.19680247519 0.0754936367953 3.12814181129
0.301214791584 1.28979709836 0.054467262322 1.67392888779
0.29530727536 1.2539007529 0.120840496085 2.78909009739
0.297984938131 1.27009640603 0.125091490215 2.56298888682
0.316572253343 1.38601855709 0.115022081167 2.6373423344
0.331827840813 1.48598097628 0.144192656239 2.90640567443
0.299433249553 1.27890800673 0.0953908386111 2.23736928173
0.293057260461 1.24038655819 0.0843401817656 2.26126714432
0.302812436191 1.29960950747 0.0826678243474 1.82863741209
0.286664221674 1.20245349645 0.086145293374 2.09527282194
0.285700143676 1.19679206301 0.10511191927 2.38342209988
0.303923512371 1.30646006701 0.14071139503 2.45118308584
0.290854856076 1.22724137946 0.123542508048 2.74019718982
0.291554106804 1.2314060429 0.133659231568 2.47362595747
0.301314902886 1.2904106438 0.0817991294302 2.07868061831
0.299651481069 1.28023889789 0.113757614359 2.85308123391
0.290088217399 1.22268478883 0.144606317029 2.91615313323
0.290903301067 1.22752964789 0.151131872009 2.85456315451
0.332026755442 1.48731452254 0.112114423773 2.67914657445
0.308039923034 1.33203234967 0.167158194899 3.33590900904
0.299389041229 1.278638502 0.0983065108593 2.03372271351
0.292963332661 1.23982427283 0.0790255232541 1.82058840093
0.285617570611 1.19630787293 0.107692007304 2.81608315104
0.286025462758 1.1987007515 0.131002199614 2.33420746796
0.289333364499 1.2182078535 0.0775057620406 1.78263452918
0.298875440758 1.27550995912 0.104780560224 2.73103959759
0.286722774922 1.20279783641 0.133294918654 2.86886849885
0.335027565523 1.50752909706 0.102532975127 2.95839772935
0.304590136308 1.31058077555 0.110677443848 2.76621537613
0.288412823683 1.21276109883 0.0500383935396 1.53064801532
0.286014809029 1.19863821717 0.088902513999 3.01880047866
0.341412410779 1.55115274657 0.126051710535 2.58550037012
0.330400701381 1.47643650569 0.136926604877 2.73671271467
0.292975288092 1.23989583401 0.126893412716 2.94910022501
0.309366195152 1.34033644973 0.0878907902881 2.36563656917
0.295632327341 1.25586024004 0.108843341671 2.10686597724
0.290195443218 1.22332150373 0.0992234905284 2.05478241018
0.327608355551 1.45787895264 0.108839877909 2.18934346456
0.291254627789 1.22962137145 0.118180911191 3.29017755065
0.289658122116 1.22013278289 0.114502117596 2.41209485462
0.306180611933 1.32044421866 0.148280931325 2.52175500401
0.300170704453 1.28340873331 0.120084638815 2.44640386472
0.313272129016 1.36497874653 0.132808512292 2.74531702331
0.295831830987 1.25706378921 0.111550372864 2.44081282972
0.292162911937 1.23503872262 0.123102364374 2.33327826528
0.349248664931 1.60586299756 0.157019566248 3.213108406
0.292051634684 1.23437427568 0.103398690392 2.5633142249
0.28938905963 1.21853784915 0.158451159807 3.01883876599
0.298209429 1.27145983818 0.0918993555884 3.13086036335
0.298301436232 1.27201889075 0.134210246605 3.44555677911
0.316224894437 1.38379442104 0.143499385653 3.25700648705
0.293485010355 1.24294911261 0.15985250767 2.9460727137
0.285987402136 1.19847735515 0.0845593486011 1.95985265125
0.291657799571 1.23202432613 0.101858419317 2.0329829048
0.297428399196 1.266720057 0.0833245189469 2.3537953564
0.291269238395 1.22970840476 0.104046782668 2.25756146184
0.309661124527 1.34218740819 0.124115647375 2.44438082585
0.286275970029 1.20017169536 0.128448587622 2.99057047791
0.304586142103 1.31055606201 0.130392090771 2.58652611359
0.306812957554 1.32437832824 0.114883355731 2.6337486422
0.288441410788 1.21293003405 0.101870748169 2.93712314833
0.3030468297 1.30105288904 0.102248374289 2.53154930179
0.302261511355 1.29622076283 0.0639779893575 1.98619806091
0.287489148559 1.20730994477 0.103814727101 2.84388912361
0.29215567548 1.2349955067 0.12073209893 2.56135586951
0.286112944748 1.19921431628 0.130735772982 2.59436890861
0.289483363508 1.21909672098 0.100232147951 2.47606900321
0.295226302224 1.25341290967 0.126199093985 2.58896001953
0.331179391364 1.48163920535 0.11222418968 2.3580421371
0.301032686477 1.2886814936 0.123306871645 2.98422567897
0.307968678796 1.33158717366 0.144430860804 2.44522510156
0.287368544184 1.20659922991 0.0929034964846 2.5143750746
0.295732435891 1.25646408143 0.148449638018 3.12500274048
0.288142036436 1.21116155719 0.141315159661 2.63863172314
0.288736508754 1.21467470624 0.114182065256 3.16449869899
0.304076266184 1.30740361122 0.0930909665766 2.17788928323
0.315830520691 1.381271987 0.108179985736 2.69622346227
0.287109729442 1.20507486081 0.14477108252 3.59162867929
0.287131688913 1.2052041549 0.11038874398 2.22436534414
0.315799034567 1.38107072554 0.143228816289 3.71579486167
0.30024383143 1.28385554813 0.0826911705509 2.61951924514
0.300479541982 1.28529640444 0.0729607050093 1.93215683268
0.293564236459 1.24342407918 0.0927510172227 1.7635236605
0.325264219138 1.44241873383 0.164343492967 3.26869015015
0.296801814608 1.26292515836 0.0981367387478 2.67142153336
0.297257547085 1.26568462312 0.103685936742 2.24882626848
0.301477860885 1.2914097297 0.139784667058 3.6119234322
0.302304476258 1.296484848 0.105854272697 2.04215727736
0.296333475389 1.2600930837 0.130585213526 3.18683051754
0.295254018927 1.25357988337 0.100479099001 2.60640114911
0.305436558816 1.31582429933 0.112816731194 2.27951139036
0.286709605713 1.202720386 0.123381741528 2.85599934479
0.286456669955 1.20123338141 0.131895013754 3.22365170372
0.314602996072 1.37343925771 0.111594930261 2.34315936677
0.323022246465 1.42773248168 0.129706131111 2.78011635086
0.301695898127 1.29274723255 0.138485819781 2.77288574707
0.302955945069 1.30049311155 0.129721267147 3.16260386662
0.306813802996 1.32438359292 0.151846277716 3.20930634971
0.289860428528 1.22133279968 0.131959936723 2.72510930193
0.295336033074 1.25407403804 0.1172878644 2.58303470858
0.294127189649 1.24680209717 0.143786742133 2.35600581181
0.286540311014 1.20172498895 0.107926567417 3.13284754309
0.304745785026 1.31154404963 0.138418559276 3.74864897321
0.290518452052 1.22524071734 0.0695783245416 2.17306228741
0.30715567925 1.32651355648 0.0940558257142 2.30765266677
0.298467002453 1.27302527041 0.177818851059 3.46764081814
0.303857027143 1.3060495241 0.146225044524 2.65190458813
0.301552286174 1.29186618186 0.139710752859 2.80139557111
0.316915688578 1.38821979375 0.147699764459 2.77850393333
0.294403151785 1.24845998527 0.126473994419 2.70080846968
0.298835406713 1.27526628852 0.140887748275 3.18800927466
0.293059492518 1.2403999219 0.105038674797 2.73855678778
0.299674823461 1.28038130124 0.153656733361 3.13180095472
0.306077511004 1.31980346073 0.145160903749 2.9292361576
0.31469124209 1.37400141188 0.0976437168846 2.80206211263
0.308045363238 1.33206634705 0.129920397455 2.57577220468
0.289108255762 1.21687460299 0.10060802178 2.6101194641
0.290079809307 1.22263486909 0.124331805296 2.64856755339
0.287009567291 1.20448522201 0.129608370426 3.47452251054
0.29405663064 1.24637841034 0.114983698372 2.3289845124
0.339069088269 1.53504438898 0.141055316024 2.45815801777
0.295187885058 1.25318149489 0.12486439493 3.32920124778
0.300058898795 1.28272576748 0.110617529208 2.76453165074
0.312224460501 1.35834160166 0.0912082307462 2.5988496077
0.311664006926 1.35479933507 0.139669530633 3.15596828449
0.299485346245 1.27922564455 0.160232378066 3.70926116732
0.296676138057 1.26216481464 0.115819090175 2.44347221908
0.290461400848 1.22490161055 0.124394169783 2.6500848047
0.287692520535 1.20850894958 0.153754757989 2.81327293223
0.305417519325 1.31570621061 0.148475053279 2.69982526731
0.330849881678 1.47943615824 0.118553456086 2.15646325051
0.288931372171 1.2158275676 0.107777196663 2.56298196676
0.289980329416 1.22204433605 0.136516537617 2.44799645333
0.292413109975 1.23653344181 0.138501212304 2.40649209411
0.320651571411 1.41230859373 0.0880809646146 2.37124963663
0.286077538102 1.19900644569 0.114159978516 2.86447317291
0.292097165432 1.23464611881 0.113455200046 3.14177598388
0.291022014943 1.22823621282 0.109222918375 2.28724734602
0.289282782547 1.21790819843 0.105813963513 3.06426697308
0.289429630643 1.21877826643 0.123688847868 2.99477494817
0.288609392762 1.2139229962 0.0929384309943 2.39075655277
0.289021667978 1.21636199474 0.0996503019767 2.06459935105
0.301717030626 1.29287690975 0.104862346524 2.37710007314
0.317882497685 1.39442842738 0.0982302757676 2.54171292994
0.309992110401 1.3442665393 0.107146092299 2.54617306084
0.287508734145 1.20742538425 0.0627671060702 1.64412971846
0.3110901962 1.35117861774 0.124016301719 2.87276745063
0.319630422667 1.40569800177 0.113812641462 2.9966894418
0.303323358686 1.30275698724 0.089229977394 1.98801553961
0.304956966671 1.312851694 0.101832993865 1.9557823124
0.290877074305 1.22737358254 0.0945797073334 2.86102831611
0.304401502061 1.30941393943 0.119370612478 2.75056534852
0.287863224926 1.20951588723 0.140064720515 3.03830510318
0.304896599993 1.31247782025 0.125451788228 2.38419701825
0.307372419785 1.32786498632 0.145750324959 3.18268091646
0.29156865142 1.23149275638 0.117811090483 2.49111038846
0.285974663233 1.19840258963 0.101393750796 2.50800231334
0.296510238973 1.2611615404 0.0868893801623 3.14654337413
0.293865256311 1.24522968807 0.108403340655 2.9848721226
0.290802808976 1.22693172082 0.0851419587048 2.548967754
0.289991842595 1.22211267218 0.118755927339 2.8592430386
0.298473643074 1.27306564475 0.140373310697 2.71408654711
0.323059635845 1.42797660668 0.0975591289763 2.01658971935
0.302340248501 1.29670474808 0.123662602894 2.99404983055
0.290411519991 1.22460516828 0.0879946742437 1.95783790705
0.297807385998 1.26901867098 0.107874377556 2.35065314449
0.301977046323 1.29447310942 0.123444611956 2.9880286768
0.303947087443 1.30660566072 0.0913363308133 2.60286652888
0.294937198554 1.25167204537 0.0863774316488 2.58945209969
0.292283715483 1.23576028849 0.111530268781 1.9437018844
0.313734185668 1.3679123877 0.0972765135577 2.18660821088
0.295354106947 1.25418295287 0.101675905942 2.20029677995
0.319455695304 1.4045688601 0.137193292019 3.09111829124
0.302376288191 1.29692631501 0.148797910968 3.13361581734
0.300256852692 1.28393511944 0.10100166932 2.75817084101
0.285929150782 1.19813549565 0.128868792207 3.13874599684
0.293303979514 1.24186421851 0.151499576936 2.86274838628
0.322298634527 1.42301313621 0.100213695837 2.88402620673
0.29249611021 1.23702953072 0.0931175651976 2.28226883432
0.306529524434 1.32261407473 0.166324633617 3.72158546623
0.319876545345 1.40728950601 0.141697504617 3.0795709738
0.299197377436 1.27747046597 0.125676642991 2.68133379338
0.287484949041 1.20728519321 0.0978161845552 2.80754799032
0.30172064614 1.29289909673 0.114630869326 2.51694352387
0.286946361552 1.20411322502 0.130927843933 3.69851748915
0.311276341728 1.35235252569 0.104410557128 2.72027138371
0.336006794928 1.51416509088 0.146475457511 2.65722538853
0.289474298618 1.21904299339 0.0769403416642 2.04633077699
0.295967518948 1.25788274609 0.119194427852 2.16970016274
0.294681782844 1.25013522359 0.119554107282 2.63972137843
0.292241762212 1.2355096715 0.13205795271 2.52884885038
0.30665619681 1.32340237941 0.121864771346 2.22505422493
0.307681965077 1.32979654355 0.107331498728 2.67253352285
0.288158107517 1.21125645518 0.125713773026 2.22642857722
0.311094297176 1.35120447329 0.134127018003 3.0113299343
0.314847070422 1.37499443972 0.142344962417 2.86298161159
0.297527133001 1.267318654 0.113751306454 2.85290272364
0.296860311785 1.26327915926 0.0926411754982 2.38232920639
0.304711301867 1.31133060411 0.0896236418609 2.08878433901
0.289427312319 1.21876452767 0.110944340889 2.91174265737
0.294856758359 1.25118792119 0.11309084522 2.83422608291
0.30030264539 1.28421497642 0.112810783805 2.37193483326
0.288664316801 1.2142477607 0.105101429989 2.61048372036
0.289306205398 1.21804695361 0.121455831503 2.8052559404
0.300982737134 1.28837559758 0.104829192125 2.60293010299
0.307317969235 1.32752539438 0.11093808012 2.64752837101
0.289544310327 1.21945798823 0.145137799386 3.16703461554
0.308836056676 1.33701330525 0.143139187153 2.77649761955
0.294666709011 1.25004455997 0.123843574612 2.34931293062
0.322310463062 1.42309020005 0.128230256716 2.85946628656
0.28724562314 1.20587511055 0.0886697477554 1.89145470824
0.293591115932 1.24358524788 0.112902191486 3.12451318713
0.304098338186 1.3075399819 0.154529685448 3.03782391899
0.315805950163 1.38111492892 0.0999475425642 1.9906086914
0.323915743295 1.43357374252 0.166502084389 2.9902031295
0.301516698111 1.29164790724 0.147821479775 3.23575292795
0.287143284332 1.20527243021 0.146641959348 2.75518516598
0.290569337828 1.22554322345 0.153397548167 3.52237148607
0.287409339057 1.2068396049 0.104414303683 2.17480958569
0.305022731052 1.3132590717 0.0671386439111 2.22659217518
0.294642863428 1.2499011454 0.117409264817 2.29473269701
0.297452540896 1.26686640622 0.138244616221 2.9924893434
0.296571387445 1.26153128055 0.129396957724 3.30361982413
0.293244138199 1.24150571957 0.11991373432 3.17921917799
0.294976521241 1.25190874665 0.149506751572 2.63133092677
0.289145431516 1.21709472545 0.121449779213 2.57868638954
0.305322741405 1.31511846544 0.121552537165 3.22868012848
0.292027965809 1.23423297354 0.111081624505 2.33103464971
0.296276540481 1.25974905196 0.0860219861646 2.57779354142
0.302286661959 1.29637534789 0.10618711494 2.41069867829
0.285830342379 1.19755574668 0.0950682231893 2.33510125147
0.327654958359 1.45818740378 0.137936786763 3.3949468381
0.304844537494 1.31215542959 0.10899080428 3.00302652086
0.29593700541 1.25769855138 0.0936304378018 2.41039671509
0.301149669699 1.28939808458 0.130219342167 2.16860127217
0.296764939829 1.2627020376 0.147482177707 2.87531291574
0.295467610064 1.25486706093 0.104529936494 2.86576854493
0.297049069793 1.264421847 0.0838578330077 2.03454331842
0.304879337134 1.31237091676 0.106517425161 2.22383705917
0.290951240026 1.22781494399 0.0870657714426 2.34131290301
0.286722679522 1.20279727534 0.0988877090042 3.3950691028
0.308298057282 1.33364609278 0.0823866546406 2.20418805116
0.302025931795 1.29477334325 0.116385834064 3.41074267642
